58.05	167
40.55	364
65.49	39
40.32	378
60.75	130
48.15	349
66.96	25
58.62	172
67.41	13
62.38	95
52.86	255
66.20	33
53.76	201
54.01	219
52.83	233
53.44	254
60.25	134
30.38	302
65.10	45
20.80	3
35.96	558
63.02	61
29.33	259
25.73	84
27.19	135
58.94	170
36.23	434
43.92	325
34.93	407
64.09	68
20.36	2
46.18	253
62.69	97
71.77	2
55.95	205
34.18	413
61.29	124
28.61	239
41.03	453
29.74	278
47.16	277
42.48	367
62.16	135
46.35	333
53.48	206
37.57	424
54.31	235
45.29	284
46.61	311
68.07	11
26.34	102
40.19	399
25.74	101
56.30	175
20.60	1
71.09	8
64.44	89
41.35	374
28.62	118
71.55	1
27.73	165
42.33	312
60.34	170
69.47	4
54.47	203
48.62	313
19.64	4
48.55	342
36.84	694
51.87	254
51.49	261
34.41	372
46.44	354
45.47	212
63.13	81
38.20	395
52.39	181
69.63	4
39.66	528
44.38	330
21.99	7
52.50	250
36.38	395
49.67	295
26.50	129
72.07	1
23.27	26
69.01	7
47.04	295
29.86	253
41.56	384
65.52	68
23.83	30
61.77	91
36.42	440
49.21	368
48.64	308
27.80	173
29.77	242
67.44	22
31.63	342
26.08	78
61.52	200
23.92	24
64.17	54
66.37	26
71.60	3
57.56	215
69.25	7
36.43	413
22.55	10
23.53	59
61.65	131
54.93	201
54.19	233
32.75	425
40.51	430
41.50	361
51.28	339
61.82	127
66.97	18
21.28	6
58.86	157
21.84	9
18.18	3
54.68	163
40.25	361
58.63	149
55.32	185
19.90	3
23.31	13
44.42	489
27.89	151
61.11	236
40.86	428
22.48	15
58.17	178
42.80	397
39.48	307
42.14	316
63.88	72
31.57	251
41.83	391
38.93	376
39.76	453
70.96	1
62.05	112
53.81	225
37.73	323
27.96	127
27.90	145
47.02	293
32.38	367
41.31	286
42.53	374
41.69	370
55.85	151
32.59	363
55.08	230
62.97	67
56.72	192
21.97	9
35.73	564
75.83	1
23.79	24
26.92	207
22.56	8
17.39	1
45.79	335
43.80	374
61.00	124
56.69	196
56.32	174
37.34	404
21.62	6
43.14	364
55.53	292
32.12	331
43.81	371
50.24	237
38.35	369
67.19	22
61.12	87
41.04	416
66.24	25
62.02	106
22.73	27
64.53	47
52.35	260
25.17	93
67.74	22
38.46	945
51.42	310
42.16	360
66.91	21
60.55	134
35.65	421
49.63	218
44.41	221
63.30	82
44.56	263
20.75	5
58.93	153
22.59	10
59.31	166
51.07	236
63.79	85
52.64	154
28.67	219
27.69	161
29.00	220
44.03	319
36.62	439
47.09	307
45.63	394
24.67	37
26.39	143
55.09	175
62.74	78
28.15	167
73.81	1
46.40	282
59.63	150
26.49	137
35.74	345
68.93	7
31.94	425
23.69	18
67.66	17
59.39	149
43.13	345
33.10	368
59.06	176
52.06	229
32.01	329
37.65	448
41.52	339
29.87	252
29.19	240
64.93	35
60.45	146
60.61	224
45.24	349
69.36	3
29.46	261
58.78	161
57.49	178
38.83	487
45.41	305
34.21	377
45.90	312
26.07	91
39.79	320
32.34	366
57.87	174
33.52	370
68.87	6
27.37	141
43.76	206
38.99	376
41.77	377
42.23	352
67.13	26
24.04	23
20.84	3
50.72	330
12.07	1
54.66	175
34.69	498
59.69	156
37.83	392
29.50	240
62.65	101
60.69	123
40.35	392
51.20	289
25.09	29
73.85	1
14.71	1
42.68	401
36.22	440
35.19	509
37.32	341
69.82	5
61.31	127
60.30	111
64.14	73
45.17	279
60.00	941
53.09	255
44.64	404
50.17	127
56.40	196
23.60	36
26.15	125
22.32	7
20.31	8
58.30	150
71.26	1
62.36	104
67.85	8
33.63	366
63.06	94
48.61	322
28.14	170
37.33	499
44.29	381
31.32	287
19.44	4
28.23	188
23.23	26
32.66	318
62.75	144
33.91	401
65.95	32
42.25	397
30.06	237
18.82	1
40.48	516
70.06	4
48.57	308
59.03	147
41.76	392
47.46	342
65.05	56
33.73	499
17.20	3
49.49	352
68.08	8
40.16	429
26.93	86
58.84	181
47.00	324
40.54	328
62.15	109
59.88	208
36.09	474
30.90	305
39.20	425
63.83	93
50.94	371
47.62	467
69.28	6
34.64	408
53.57	242
68.47	10
67.37	21
53.96	198
31.89	296
42.36	336
68.53	8
65.73	42
22.77	22
24.76	57
35.99	341
51.46	298
67.34	19
37.10	475
47.53	261
25.48	73
33.78	417
57.98	159
24.22	30
26.76	144
31.45	314
60.79	96
56.09	150
53.67	203
60.28	124
66.89	20
28.52	125
65.26	32
38.94	398
60.05	207
72.97	2
61.05	158
54.62	211
29.88	238
47.19	310
30.28	301
61.60	113
65.90	28
57.45	217
24.27	29
56.31	187
40.45	382
55.98	183
28.94	217
21.33	6
38.43	442
62.40	111
45.76	337
26.64	146
41.15	395
46.09	373
31.59	325
31.23	319
26.96	117
44.11	272
48.68	356
19.88	1
22.16	6
68.94	7
66.15	44
60.52	118
65.45	57
32.11	371
22.02	9
69.06	11
45.98	345
60.48	157
51.55	250
40.38	543
26.24	92
21.49	4
25.62	72
38.97	398
31.39	296
46.05	319
46.67	701
56.17	142
45.91	354
30.84	333
68.33	12
22.35	13
49.10	294
55.61	186
38.41	440
30.63	337
41.72	393
42.47	424
69.02	2
29.72	302
39.53	516
87.80	1
68.96	3
65.66	36
24.58	50
68.66	10
51.78	235
71.70	4
43.33	466
37.61	416
42.69	360
43.04	296
69.84	11
72.89	2
32.18	376
37.93	446
47.08	278
33.81	385
41.09	327
61.33	123
25.64	96
71.00	2
52.42	261
25.67	78
20.41	2
52.75	233
42.32	384
29.51	231
23.96	43
34.85	444
35.13	298
38.39	419
24.77	55
25.79	94
21.47	3
16.18	1
70.42	4
34.86	414
36.55	429
71.20	2
63.86	75
34.60	385
26.81	109
58.68	181
27.06	148
41.68	217
63.39	80
49.82	112
34.25	384
50.39	333
39.30	396
50.28	212
21.43	29
22.87	18
53.47	269
18.44	1
70.98	3
66.10	43
26.90	138
35.63	492
71.08	4
28.76	237
51.67	326
27.61	171
33.69	299
51.64	278
65.37	38
41.93	169
29.66	270
30.77	745
25.42	100
42.66	368
35.33	401
28.46	246
46.49	322
18.50	1
49.58	334
58.37	186
55.22	200
45.42	278
72.55	2
67.63	14
31.35	288
49.14	287
42.44	392
31.51	335
40.24	436
27.02	120
54.35	243
40.06	297
40.88	365
31.19	327
34.17	459
40.47	322
70.57	3
45.67	310
49.60	359
38.23	258
38.21	423
68.40	13
29.35	269
34.46	438
30.71	335
42.07	374
67.92	23
59.66	170
67.56	15
64.82	49
34.03	425
51.94	235
37.64	384
28.44	221
45.36	330
26.89	159
36.53	456
70.93	1
22.15	7
69.12	8
58.69	143
48.38	214
47.85	294
66.47	39
42.95	325
32.35	494
34.78	524
35.25	421
62.45	136
31.43	324
58.46	166
50.35	242
26.38	110
57.20	225
21.02	6
64.86	74
62.09	100
42.70	320
33.54	452
77.44	1
31.56	316
61.24	124
58.15	139
47.03	324
67.23	28
52.56	265
23.08	48
31.41	312
40.26	370
66.99	19
30.12	302
68.24	11
66.08	36
25.26	77
15.32	2
53.94	231
52.05	281
51.08	297
50.33	271
59.12	163
64.12	46
56.93	176
17.43	1
37.77	344
33.15	266
48.76	294
54.74	203
69.22	3
65.43	45
52.77	216
34.19	419
47.23	279
18.67	3
37.36	337
70.60	1
46.15	786
67.79	12
57.47	162
55.25	158
37.25	525
43.28	349
45.40	311
41.42	326
35.07	406
47.97	316
50.83	247
20.11	3
36.50	461
41.58	397
27.39	161
32.07	276
35.56	598
31.88	417
22.34	9
33.68	445
49.34	298
62.99	125
57.77	147
22.54	15
58.31	169
31.38	318
52.28	240
52.99	261
23.09	8
72.87	1
65.60	39
62.60	126
58.52	168
22.97	18
68.86	7
66.09	43
62.80	86
41.65	408
25.52	79
50.67	261
35.83	412
60.19	180
34.39	422
22.70	8
27.47	150
27.13	154
42.46	297
40.93	355
29.94	267
57.04	140
33.89	379
22.66	10
63.64	235
38.01	370
38.61	439
21.35	6
53.64	227
47.48	280
20.50	1
55.04	178
37.28	468
71.67	1
56.02	193
24.39	49
61.63	123
34.83	418
33.27	518
21.57	5
43.38	329
23.35	21
70.48	4
24.63	40
39.21	279
54.13	206
66.58	32
57.57	105
53.19	253
41.14	324
30.15	284
35.94	453
46.22	310
69.69	6
54.92	192
19.54	1
42.63	324
42.75	318
21.91	6
56.80	193
17.88	1
37.71	335
64.45	53
59.60	186
67.80	26
24.43	54
36.69	418
32.19	309
22.09	8
62.32	128
44.76	348
52.80	244
46.72	373
27.33	168
40.99	339
54.48	136
32.39	468
27.14	176
35.50	426
40.40	419
64.31	57
60.97	105
74.38	2
26.83	159
45.03	319
60.10	158
25.25	65
61.43	137
21.01	1
43.21	333
35.18	350
70.30	2
29.11	246
70.15	5
51.44	250
53.98	207
21.74	13
64.96	54
34.63	377
44.17	377
70.29	3
61.81	122
23.05	21
27.38	153
46.76	330
51.60	254
72.85	1
65.21	29
48.45	293
54.57	237
42.30	258
65.24	59
59.46	148
51.96	241
45.75	291
29.17	317
20.67	1
30.57	292
70.00	16
34.04	500
44.39	324
58.44	176
25.94	88
54.27	198
56.61	134
57.59	174
35.45	480
27.00	149
22.28	6
39.36	373
37.50	1643
19.77	1
32.92	366
43.12	326
17.78	1
64.08	67
52.46	262
66.12	29
44.02	365
63.61	59
73.87	1
61.07	117
19.12	2
46.53	391
48.08	290
29.48	261
25.75	100
36.40	438
35.90	494
69.20	9
60.13	148
45.16	350
65.22	86
42.04	313
45.78	336
67.33	26
54.78	174
47.92	378
25.92	40
73.97	1
25.24	66
42.40	331
61.25	136
60.58	139
51.58	248
57.82	148
21.14	3
23.77	19
68.17	10
33.09	315
30.92	294
66.04	39
56.11	165
64.72	49
47.30	281
31.09	323
36.33	325
26.47	108
25.16	72
50.86	269
48.71	262
30.47	301
59.59	156
46.70	334
33.58	367
51.38	251
28.40	248
17.02	3
63.40	81
67.08	15
55.67	224
54.55	575
30.91	372
24.20	30
41.99	318
19.67	1
57.66	170
54.32	216
32.32	345
34.48	529
21.18	4
39.34	475
74.42	1
65.71	47
48.34	305
71.22	1
33.87	418
24.03	33
35.86	423
19.95	1
69.77	9
50.19	286
70.04	3
51.11	269
26.19	135
43.06	385
28.48	232
63.12	67
50.92	257
57.07	147
50.93	282
65.34	43
43.26	316
67.83	20
32.00	443
72.41	2
30.18	268
25.85	89
46.86	335
41.34	339
41.16	423
26.02	94
44.59	395
34.37	229
71.72	1
47.05	165
67.55	16
69.21	7
51.34	280
25.55	69
36.87	413
44.90	348
22.44	7
34.51	399
27.15	139
20.47	1
31.98	371
49.01	263
57.62	182
21.64	3
23.03	16
39.29	645
60.78	168
37.17	464
40.46	367
71.10	2
22.79	10
22.86	29
35.35	361
41.95	317
31.03	469
19.27	1
57.08	216
29.47	258
52.66	201
29.04	162
56.79	163
27.24	125
56.42	172
43.43	371
35.93	418
72.46	2
63.23	61
68.12	12
58.54	229
28.66	217
43.05	331
63.50	76
22.68	14
42.09	363
35.29	772
30.21	276
42.02	303
30.74	258
69.52	4
61.14	113
36.89	461
32.22	338
18.45	2
43.08	367
18.88	2
38.31	376
67.65	30
69.03	10
61.74	134
29.61	278
38.11	461
24.36	41
73.00	1
34.55	519
33.61	407
58.45	141
24.81	69
40.21	374
46.12	356
52.47	213
69.87	4
54.87	166
39.47	476
40.08	522
66.18	29
28.11	150
44.33	413
31.31	321
36.60	433
61.13	113
59.86	108
64.74	52
26.23	120
19.61	6
23.97	35
41.54	382
73.61	1
66.42	22
59.22	178
23.42	28
42.56	294
22.49	17
47.56	314
62.59	78
66.60	50
52.79	193
43.03	354
53.45	207
51.15	286
48.47	286
44.10	300
41.94	566
37.23	441
32.46	397
45.88	317
62.26	134
45.21	411
55.75	184
54.00	267
40.96	385
60.36	170
59.68	182
67.11	27
39.18	483
72.40	1
39.93	172
50.18	103
15.94	1
69.92	5
60.17	146
19.18	2
32.40	312
30.42	264
73.02	3
48.73	296
65.25	43
56.76	240
18.38	1
25.60	79
23.16	25
60.67	175
57.41	182
54.33	203
41.51	421
49.55	284
34.75	394
69.50	4
53.04	232
45.05	410
44.05	365
31.46	324
40.92	329
44.85	317
54.02	197
42.83	424
27.97	182
57.50	197
48.90	295
43.67	365
35.15	444
19.56	1
58.13	194
30.26	306
66.25	37
67.54	22
54.77	189
54.42	206
51.26	241
50.30	336
22.95	18
38.57	501
70.69	5
30.23	330
43.45	305
23.15	23
34.66	377
28.53	164
67.03	10
39.32	354
62.62	110
51.43	293
60.43	166
58.79	159
20.82	3
63.48	75
52.24	318
26.70	123
25.49	93
27.46	188
41.63	452
25.76	113
47.33	325
21.61	4
34.22	469
25.46	51
46.07	302
32.33	361
62.84	97
49.25	331
57.67	166
39.88	446
64.37	53
24.23	39
14.89	1
64.49	56
38.56	326
60.53	167
68.89	15
28.16	188
18.99	1
61.23	84
59.90	113
30.22	277
44.44	1143
65.41	35
69.88	5
67.77	18
60.68	118
27.78	323
50.11	615
49.77	365
42.72	366
76.67	1
43.83	261
46.97	322
62.01	106
44.82	211
35.40	440
62.67	105
40.67	363
72.93	1
52.85	255
26.72	132
66.00	51
58.72	180
55.81	252
49.71	327
69.35	14
43.57	282
62.39	105
15.49	1
66.05	25
68.95	8
57.00	182
53.21	266
21.82	10
38.15	362
68.09	22
40.98	471
72.39	1
24.26	42
31.15	333
26.29	116
50.87	307
54.65	210
65.00	102
45.45	953
63.54	78
37.11	406
38.54	461
54.96	167
18.52	3
35.46	407
37.89	439
36.92	442
74.68	1
33.18	444
59.85	147
56.18	186
21.70	5
33.53	449
42.96	310
66.28	37
62.37	106
36.02	490
61.88	131
65.97	32
38.50	378
46.91	356
71.53	1
48.77	295
31.13	319
22.01	6
18.30	1
49.07	342
41.71	367
67.78	17
61.95	137
25.40	82
34.72	482
28.89	251
34.74	346
32.49	366
21.55	4
44.50	284
55.16	189
63.14	92
60.08	215
31.75	401
36.10	388
31.61	302
48.59	276
28.12	122
38.60	483
49.00	313
25.18	46
55.36	244
41.32	359
64.52	95
60.98	191
28.51	270
45.92	313
47.90	296
50.65	265
30.81	270
27.86	166
56.35	186
19.16	1
56.48	172
24.69	41
35.67	434
24.10	43
54.91	183
67.48	9
47.72	230
36.66	272
27.95	195
49.57	313
28.39	154
71.96	2
52.92	210
65.08	69
50.56	280
29.68	250
18.63	1
23.74	27
53.79	194
29.28	248
36.21	484
45.34	281
14.57	1
48.48	471
30.14	280
28.22	209
44.34	287
61.91	40
39.19	446
68.76	3
67.73	10
28.41	188
35.48	628
61.76	168
68.18	26
68.83	4
19.28	1
47.64	313
60.32	176
22.88	15
23.65	25
26.17	82
59.28	173
34.00	452
28.37	201
21.85	9
65.13	48
52.14	227
67.17	15
60.46	95
63.94	54
49.86	286
45.65	365
50.09	82
45.32	290
54.09	210
53.23	251
55.97	208
54.08	200
51.79	352
55.44	145
24.13	21
21.89	5
47.28	294
42.49	380
69.61	5
31.04	188
20.72	3
25.05	95
48.24	320
60.21	109
18.60	2
63.24	128
23.54	20
27.77	79
23.19	19
41.22	389
37.91	432
44.20	347
29.12	225
47.94	241
51.72	458
43.27	394
50.20	402
34.59	417
39.71	471
19.91	1
57.97	174
32.63	396
34.12	377
20.07	2
21.12	2
26.13	108
67.24	23
67.95	24
56.62	183
35.69	343
73.05	1
22.27	8
45.20	247
60.56	156
66.31	26
67.67	19
49.32	387
37.07	450
38.17	403
57.94	168
23.50	13
38.06	459
32.47	321
32.43	440
76.19	1
41.75	355
64.90	46
59.79	167
48.00	375
52.37	245
25.97	105
33.74	364
66.88	33
55.59	136
57.36	171
51.23	266
61.87	124
72.28	1
75.44	1
36.24	454
21.81	3
30.45	282
64.41	73
69.89	4
29.91	256
48.60	341
67.68	12
38.08	408
49.36	244
68.62	9
21.86	5
59.67	145
69.39	17
63.58	88
16.60	1
35.44	374
61.40	156
54.83	192
37.37	430
70.49	3
53.56	237
26.97	139
71.82	1
50.46	243
49.72	256
30.99	391
36.16	405
52.17	350
38.67	359
62.61	106
34.24	374
72.32	1
71.86	2
70.26	2
46.98	320
29.14	211
56.44	208
34.40	373
35.14	623
62.98	79
44.98	264
67.22	17
52.18	136
19.41	2
27.31	162
70.37	11
48.14	271
48.18	327
39.89	315
62.73	101
39.69	475
27.84	180
53.17	233
25.11	92
52.13	269
51.84	272
46.73	262
38.00	456
44.27	354
65.76	26
63.16	141
71.11	5
22.94	22
56.05	193
30.55	191
53.35	328
58.19	164
33.56	405
53.14	224
39.49	352
22.14	6
68.35	12
19.85	3
38.65	445
51.83	222
37.16	433
48.93	234
39.61	362
46.45	311
55.64	157
62.72	119
68.05	7
70.10	1
32.55	298
40.62	201
44.94	351
53.52	235
49.70	396
48.28	460
33.82	417
46.14	260
30.52	325
59.83	177
51.33	294
55.40	175
46.52	305
39.24	392
61.90	205
69.41	9
56.88	208
38.66	405
29.01	225
65.28	50
32.05	364
65.98	45
22.47	15
22.03	16
71.61	1
31.26	227
62.03	125
51.73	155
39.51	448
62.18	123
49.90	649
53.40	247
20.30	1
67.51	15
61.85	105
69.19	4
68.49	7
24.24	56
69.91	5
61.08	127
69.86	2
27.03	209
72.23	1
54.10	205
63.32	66
61.96	101
51.80	258
30.25	281
30.20	269
70.27	3
31.27	249
39.54	243
26.99	119
25.99	81
34.36	384
52.69	255
33.24	369
24.12	41
36.49	498
62.46	68
40.69	343
29.06	244
28.03	188
37.52	158
23.56	19
14.29	1
20.00	29
62.94	109
27.76	194
36.36	1143
69.14	8
22.04	7
58.06	267
71.32	1
47.95	364
25.36	69
47.44	341
72.30	1
21.67	11
24.05	38
52.30	265
20.58	1
26.58	123
39.25	367
73.08	4
65.93	35
32.37	376
19.09	2
67.62	14
58.85	176
26.14	115
42.11	600
26.25	113
65.96	49
37.20	474
73.45	1
28.30	201
52.27	293
44.55	360
36.91	347
33.57	334
51.18	265
37.04	591
63.01	105
32.91	359
53.54	273
33.41	722
20.43	3
35.98	458
43.00	365
52.40	234
32.08	449
23.90	32
56.23	144
26.16	73
70.68	2
45.38	375
66.06	32
24.17	34
60.49	155
68.75	27
57.76	214
27.49	170
27.68	179
55.15	225
38.55	447
23.14	14
71.15	1
57.86	163
40.81	299
58.03	132
23.46	25
25.13	44
31.42	301
66.55	11
22.25	8
25.44	61
61.64	142
66.92	32
57.12	40
29.37	251
40.73	381
54.95	257
53.66	258
38.36	486
63.10	106
64.64	36
75.86	1
62.28	115
43.79	381
59.64	127
72.22	4
70.03	2
47.89	314
31.08	313
48.46	281
32.90	333
34.35	418
32.50	313
52.15	241
50.38	297
29.60	253
42.26	321
20.19	1
38.28	345
58.10	208
46.28	309
47.25	308
40.94	447
30.48	304
62.21	97
57.93	172
52.58	242
56.58	189
70.61	2
54.05	282
19.35	3
31.25	628
68.02	20
54.16	126
19.51	1
61.71	117
37.06	416
18.03	2
33.48	446
37.90	393
61.51	114
60.50	148
25.96	95
60.29	167
27.65	181
55.86	214
42.64	404
36.00	518
36.07	543
61.86	155
34.90	399
71.71	4
20.26	1
31.30	333
72.48	1
55.50	145
61.98	101
56.01	150
21.37	7
44.68	317
15.06	1
68.01	9
43.65	346
20.33	2
67.88	19
49.69	376
34.61	203
67.87	19
68.11	5
67.60	10
61.44	116
65.06	50
20.56	3
41.41	403
60.27	177
70.83	9
67.16	30
22.90	11
61.15	137
44.99	260
65.39	21
37.94	372
47.10	292
74.22	1
28.80	208
43.72	343
66.07	39
35.77	455
22.42	5
48.03	350
59.37	92
26.73	121
41.37	298
69.76	2
71.34	1
52.96	208
56.77	160
43.91	295
38.86	408
57.72	170
32.99	381
49.35	267
66.43	15
64.35	62
51.13	244
51.12	307
40.95	376
41.67	945
32.09	351
20.99	4
24.95	73
51.27	276
59.94	99
31.79	340
40.59	369
59.38	275
57.51	168
33.76	354
30.69	283
27.72	177
17.65	2
38.72	382
28.01	169
67.81	8
43.61	312
60.14	146
22.52	12
22.10	4
54.86	191
18.53	1
31.21	336
36.64	424
69.48	3
31.47	332
23.25	17
69.71	6
42.05	388
31.18	300
42.59	353
70.87	1
39.44	434
30.27	256
61.93	112
23.41	18
36.51	423
65.68	59
37.43	427
59.15	183
44.83	409
34.08	421
31.55	350
61.70	132
42.93	277
30.82	291
51.50	261
38.03	411
60.22	130
60.37	158
58.76	165
20.86	4
38.71	413
47.87	309
31.74	297
70.85	1
40.43	534
25.00	546
26.05	99
58.96	188
56.21	203
45.15	336
48.07	267
68.36	6
40.77	331
57.38	206
74.44	1
27.83	152
41.80	373
49.30	376
49.56	258
41.59	316
64.11	73
62.56	90
74.03	1
68.25	17
28.57	949
63.62	72
63.35	95
22.83	19
16.90	1
34.81	431
28.69	229
21.54	8
56.56	173
48.58	334
20.73	1
67.10	13
25.53	84
69.97	4
41.60	369
51.10	250
36.11	472
45.08	317
36.75	433
68.97	18
35.54	392
63.42	49
34.23	398
50.63	299
35.39	323
59.49	159
24.61	32
24.00	66
60.57	139
35.11	479
33.08	433
27.87	203
29.21	246
45.19	374
46.79	328
69.96	3
54.18	200
38.30	453
38.88	263
59.42	168
46.64	290
69.75	6
28.47	209
58.26	154
55.60	206
54.46	207
58.28	176
60.26	153
27.79	163
26.57	124
47.55	301
20.61	4
65.65	46
37.97	532
58.56	186
20.24	1
72.04	1
71.30	1
39.46	453
68.42	26
22.69	13
24.83	64
46.41	338
53.50	201
52.44	265
47.17	343
71.40	3
29.55	343
69.65	4
71.19	4
69.55	3
46.43	351
44.67	311
22.61	9
73.51	1
27.51	149
68.27	12
34.56	388
66.17	31
28.85	257
72.65	1
23.37	14
52.22	236
50.16	132
67.15	24
71.01	3
68.55	9
50.81	262
35.47	442
69.74	10
51.88	271
24.07	43
36.45	460
65.12	59
51.59	305
37.87	395
59.05	165
51.66	266
22.13	5
48.69	255
21.41	5
37.74	488
39.12	329
61.94	124
53.62	233
50.85	283
68.37	7
34.76	434
27.16	168
47.01	381
24.34	54
52.87	253
46.34	382
27.08	160
60.64	123
26.60	121
23.30	17
39.55	415
57.06	195
39.41	417
46.56	327
72.34	4
23.20	25
53.80	208
46.31	321
63.37	91
67.58	14
44.58	342
20.92	3
36.31	444
42.58	313
37.60	405
41.53	368
55.77	212
50.80	246
43.96	331
72.18	1
72.13	3
51.56	306
32.65	405
65.81	45
41.30	509
44.93	298
39.72	327
30.59	307
43.39	289
54.04	214
30.96	340
56.71	166
62.44	98
31.95	323
39.90	382
33.92	419
20.83	9
74.32	1
56.46	162
56.38	174
43.85	290
57.21	195
11.38	1
19.20	1
46.19	295
31.00	298
40.53	438
66.44	32
21.36	1
25.14	68
58.87	163
40.97	369
25.06	108
68.54	9
36.32	432
67.94	15
46.20	319
72.01	2
35.89	411
61.57	118
66.34	35
38.14	491
68.88	10
61.83	118
23.12	14
22.41	13
43.23	310
56.33	217
49.81	286
68.10	16
48.13	337
53.85	510
39.03	285
40.30	383
43.07	300
40.15	394
45.14	323
29.92	249
66.59	44
48.89	268
64.77	53
55.94	179
26.36	125
38.45	164
31.06	304
58.32	104
35.08	429
36.12	435
38.78	506
69.32	5
24.62	62
16.46	1
50.82	297
59.40	166
30.78	95
49.64	225
56.78	171
28.77	263
42.31	453
68.68	8
24.88	53
45.44	173
49.85	220
23.00	19
45.51	414
46.27	353
34.47	426
72.31	5
64.66	60
64.55	63
30.51	303
68.06	19
65.42	51
25.47	82
24.32	61
46.46	346
29.49	281
60.72	83
54.06	143
51.06	325
22.11	11
25.28	65
38.82	465
52.29	242
33.04	378
41.57	376
32.16	330
25.29	70
41.78	403
32.48	347
66.84	21
62.31	106
21.50	7
35.76	494
36.72	401
70.13	3
41.39	380
54.24	248
40.28	434
70.79	1
29.65	222
20.93	7
39.87	331
61.30	118
64.54	45
60.20	172
32.23	324
50.29	348
19.11	2
24.73	53
16.00	2
66.49	22
45.48	325
65.89	25
20.55	4
45.55	249
49.48	337
65.61	40
30.86	373
70.40	2
56.64	181
45.35	345
74.27	1
27.40	172
23.99	27
44.15	259
12.08	1
62.77	84
29.76	273
57.05	164
60.85	131
28.95	281
48.44	328
44.62	420
20.40	3
66.16	27
46.85	321
23.06	20
39.95	543
27.29	153
52.32	207
18.46	1
48.72	354
61.61	110
27.54	177
56.55	194
69.66	6
69.05	15
50.48	276
15.46	1
60.60	75
69.07	4
61.58	129
50.98	298
70.28	6
19.26	1
29.81	273
31.83	337
39.81	462
42.92	397
70.20	4
47.11	297
24.14	49
41.97	266
33.12	340
32.29	352
46.75	332
49.27	227
57.53	208
27.42	167
45.33	372
31.73	324
52.41	259
34.30	410
65.92	34
59.33	174
34.62	669
53.95	211
35.02	364
23.47	27
22.65	15
45.54	360
57.71	140
34.73	425
42.94	379
54.58	194
70.45	4
59.93	61
52.21	239
53.31	192
40.13	375
56.98	174
55.06	207
39.92	521
64.33	63
60.94	117
61.56	131
23.95	28
26.35	99
37.42	399
27.34	136
52.53	261
28.75	205
28.38	244
69.38	12
50.41	324
37.92	475
32.30	332
40.58	375
46.88	461
20.16	1
24.52	49
70.81	3
13.50	1
30.66	303
51.86	191
32.73	353
25.43	78
38.90	394
63.00	85
24.82	50
54.81	210
42.99	344
61.37	87
45.28	378
39.45	382
74.29	3
34.57	386
36.25	439
69.62	3
57.03	179
70.73	7
52.98	231
24.74	39
56.94	199
56.25	373
39.57	409
45.52	266
33.94	518
59.18	220
31.71	397
58.90	179
57.95	168
52.26	250
40.07	183
28.65	186
63.22	88
59.72	184
57.96	125
69.27	2
43.74	242
62.30	137
60.35	105
21.13	9
51.14	210
25.83	84
68.85	16
31.97	366
71.14	1
67.45	13
39.35	392
61.20	116
60.31	153
23.39	26
28.72	209
38.22	409
29.98	273
42.98	384
26.28	133
33.85	495
23.51	25
31.85	393
29.84	291
37.45	469
67.04	13
60.95	122
53.72	219
24.50	53
30.00	837
61.99	119
29.36	206
64.58	73
62.17	123
32.96	338
60.71	229
51.40	304
32.44	328
58.89	146
54.52	203
30.05	272
20.06	1
60.24	177
58.95	148
69.59	7
58.74	156
25.45	113
36.48	396
56.99	181
29.44	243
38.87	366
35.01	363
40.80	393
69.60	3
53.38	217
66.93	30
34.16	412
46.69	260
61.66	118
18.48	3
33.59	456
22.26	13
44.13	286
26.63	96
68.48	8
28.98	212
30.32	279
64.10	95
37.56	411
33.50	376
62.68	94
34.06	385
38.80	370
53.15	229
45.58	335
72.58	1
32.93	400
21.38	1
56.12	217
79.10	1
61.50	119
60.51	122
17.81	3
37.09	403
56.81	149
25.72	47
33.21	258
64.83	58
59.08	141
57.60	168
71.06	1
33.98	377
26.67	265
25.41	71
53.25	234
37.69	436
27.05	137
18.37	1
56.15	170
72.06	4
67.40	20
66.95	28
24.64	56
44.53	365
55.07	190
23.10	15
57.32	172
28.63	233
55.43	185
55.49	228
50.27	197
68.00	32
28.73	190
39.00	396
54.67	236
24.38	56
48.35	300
50.70	336
33.13	476
66.83	17
57.33	179
71.58	1
32.20	425
24.80	64
43.93	378
69.67	3
70.21	2
47.86	289
49.80	454
64.56	37
24.65	48
48.88	339
55.03	177
28.74	261
20.96	5
40.66	402
28.10	171
26.56	144
41.12	386
45.37	298
39.70	334
48.30	291
62.42	142
34.68	380
43.75	680
59.34	161
28.35	225
62.41	85
34.84	433
42.89	590
22.33	6
69.00	11
16.23	1
26.37	116
58.02	233
44.21	349
51.24	291
70.32	4
56.03	215
20.32	2
31.66	315
34.79	299
63.17	82
52.10	249
71.31	1
58.66	171
54.82	170
35.88	347
33.71	446
63.77	58
22.05	5
22.62	11
30.02	307
51.19	222
21.68	5
28.92	252
41.10	418
46.96	298
52.62	232
19.79	2
39.65	300
19.19	1
47.79	270
31.37	334
21.63	3
34.92	470
18.85	2
44.79	356
64.39	56
70.34	6
47.49	342
29.43	242
56.85	187
30.10	279
63.68	71
68.39	8
25.19	81
47.14	344
30.44	122
25.33	75
63.87	85
32.17	306
60.83	122
67.69	14
46.24	302
61.09	103
60.23	164
68.51	9
43.44	332
64.22	72
65.02	40
64.40	54
22.57	11
38.63	317
49.59	343
67.27	22
66.23	30
39.05	425
53.75	233
64.92	39
36.80	430
46.83	340
75.00	7
41.18	654
49.28	366
37.35	489
41.73	349
65.94	31
26.45	99
66.82	27
34.58	430
68.79	9
33.99	342
67.53	10
30.87	275
35.87	425
50.89	268
41.11	383
61.04	146
40.75	342
59.10	135
60.65	139
59.44	143
62.14	102
51.53	248
40.82	470
71.27	1
44.24	337
21.75	2
68.14	10
62.55	124
44.73	275
54.88	206
36.08	438
68.65	9
60.87	189
44.12	386
44.77	284
29.39	199
52.78	281
71.65	2
64.27	70
56.92	206
35.36	422
21.30	4
68.16	17
64.60	52
48.41	316
21.25	6
34.33	425
71.79	1
69.17	7
42.39	351
64.68	77
29.64	235
46.95	314
60.42	176
38.05	458
21.32	4
19.80	2
39.28	248
47.73	377
71.88	2
22.08	8
20.59	5
28.29	216
69.56	3
68.15	12
47.52	352
47.20	345
28.71	258
26.80	142
50.13	355
33.25	597
35.59	482
73.17	3
21.96	8
45.25	293
25.27	96
36.90	544
18.89	1
70.71	2
69.78	3
20.98	1
54.11	233
64.01	51
24.78	63
44.80	285
59.50	149
30.83	358
68.57	9
51.37	269
27.52	173
32.68	445
43.09	335
70.09	3
36.44	428
36.83	448
31.99	301
28.33	251
26.94	138
46.38	343
52.09	241
31.48	356
47.32	254
68.52	13
37.98	394
41.91	318
46.82	300
46.33	300
55.14	179
62.78	90
40.44	353
47.77	274
58.67	193
33.42	524
47.31	362
72.27	1
51.74	271
54.69	225
31.76	393
56.60	219
24.90	69
39.31	392
59.20	173
67.28	13
42.29	315
63.49	74
48.40	309
32.88	421
65.40	42
70.64	1
28.20	118
43.77	259
59.53	135
31.05	271
38.52	439
59.57	238
37.13	400
24.08	24
63.59	51
71.37	1
70.58	1
52.07	288
61.62	106
29.30	253
79.07	1
42.22	379
71.85	1
58.00	208
71.90	4
62.81	91
26.74	142
38.13	422
48.17	272
39.10	406
51.62	184
21.10	3
68.28	7
49.45	268
65.54	43
28.27	224
28.50	206
47.59	306
62.87	106
17.18	1
41.21	398
47.58	303
59.26	189
50.12	445
45.89	339
65.56	37
74.47	1
54.60	193
20.88	6
47.12	335
74.77	1
62.85	82
55.45	216
65.16	36
63.65	26
36.19	445
37.18	454
49.78	385
21.21	9
41.90	417
22.50	13
64.05	69
59.91	187
61.46	141
59.92	217
21.52	4
24.53	46
57.18	222
26.84	124
57.55	186
67.91	17
19.42	2
19.49	1
44.18	237
70.88	1
68.80	8
60.41	114
55.88	213
52.20	239
21.20	7
60.90	136
19.53	2
49.11	296
56.24	116
60.73	123
53.22	205
31.01	319
37.14	539
66.41	35
32.13	384
35.37	497
49.09	321
31.14	332
52.25	255
65.70	28
57.78	184
36.77	371
32.51	364
26.46	146
15.07	1
37.30	478
29.45	241
40.87	377
66.26	29
48.63	252
46.62	268
62.64	79
55.80	172
35.43	433
55.92	174
21.29	4
24.54	44
21.05	12
49.02	333
65.07	44
50.40	388
27.48	158
33.44	201
30.40	282
33.93	401
58.29	141
41.24	350
34.09	381
43.36	384
28.68	215
56.57	190
61.73	135
40.37	357
46.80	319
30.58	288
44.91	305
76.79	1
65.79	28
32.26	427
66.86	24
63.44	72
35.91	389
40.29	368
69.90	3
25.21	71
64.26	64
28.25	177
43.50	396
59.14	161
63.56	76
38.07	421
55.72	122
52.19	247
71.07	1
38.95	423
31.49	343
72.00	4
64.34	68
59.58	131
58.91	170
35.28	513
65.35	52
26.88	162
33.19	434
26.59	104
33.77	479
44.07	347
75.71	1
70.46	2
56.87	143
49.53	333
46.93	338
18.43	1
21.26	3
63.45	65
23.24	20
57.89	265
57.26	194
36.93	400
52.94	434
37.59	416
58.14	160
58.99	172
55.19	224
22.17	9
57.43	205
17.72	1
46.42	236
31.36	372
26.06	95
54.73	177
51.39	272
71.62	2
27.18	140
23.52	9
38.92	451
26.52	123
15.38	1
60.54	140
55.31	183
59.55	146
72.86	1
39.26	420
60.11	118
36.88	410
72.77	1
20.21	1
50.50	298
55.13	196
50.76	278
51.32	326
37.68	449
55.46	188
45.71	467
68.74	4
55.10	217
37.80	551
29.32	249
48.19	305
27.98	195
39.08	349
26.11	93
56.67	235
38.38	438
69.13	9
50.71	258
68.30	15
54.61	174
41.17	45
60.86	128
34.49	296
25.88	100
34.13	394
30.08	354
64.97	65
59.29	177
74.07	3
25.54	68
28.43	212
47.40	311
70.67	3
37.48	122
58.82	305
34.05	370
21.65	10
71.49	2
35.66	431
50.44	237
40.04	600
52.23	240
50.99	287
58.83	21
57.09	135
38.12	378
53.01	256
59.47	189
38.27	453
47.68	247
45.43	366
68.50	4
43.48	477
55.37	172
22.89	20
62.86	135
54.12	211
36.74	343
37.39	448
27.60	146
46.30	387
29.82	308
47.47	398
32.42	339
23.18	18
38.58	430
42.91	313
43.94	367
50.68	402
38.25	411
63.51	83
48.43	304
62.50	434
22.91	12
24.94	96
54.90	199
52.00	354
39.39	577
15.57	1
24.18	47
50.49	283
43.29	290
46.58	404
40.71	406
59.73	175
47.34	268
35.23	417
69.42	5
33.88	382
49.12	360
19.25	1
47.60	286
63.18	71
58.88	155
15.83	1
69.98	4
45.87	287
35.60	405
52.82	280
45.26	312
63.47	69
44.92	365
54.38	198
49.29	267
24.91	32
57.17	216
39.62	478
50.69	249
54.75	181
30.49	289
47.91	265
37.05	443
29.52	278
35.92	457
64.94	53
64.21	67
52.84	188
49.33	342
49.52	284
57.64	165
69.83	6
24.28	42
28.86	206
58.36	91
39.67	346
55.38	250
24.59	55
50.37	196
71.74	1
70.53	4
18.11	1
24.71	61
53.16	256
58.40	187
19.70	1
55.42	203
54.80	154
35.84	460
44.06	307
48.37	306
35.38	514
36.86	415
39.14	353
65.44	40
47.21	261
40.42	264
34.97	433
42.43	229
50.84	302
36.03	353
28.81	233
21.95	11
20.25	4
63.36	70
67.18	21
33.45	177
65.72	23
52.68	242
57.48	165
64.98	41
38.98	437
24.31	28
44.61	245
22.36	6
43.84	398
37.84	497
58.16	177
46.00	384
22.76	16
58.25	180
52.95	114
64.50	65
46.03	353
63.72	64
23.11	24
25.82	79
22.92	19
60.09	189
63.71	68
55.48	176
32.81	386
44.26	360
33.03	303
71.97	1
33.00	411
29.15	208
51.95	264
73.44	1
20.66	1
44.57	372
73.62	1
51.01	269
36.04	443
65.91	49
23.36	33
46.90	321
55.93	189
63.41	110
44.71	310
47.24	344
48.97	321
45.72	179
24.21	38
24.35	38
26.61	123
71.56	1
72.49	1
29.29	236
72.90	2
18.42	1
51.21	264
33.51	284
20.27	5
50.53	291
31.10	305
62.27	87
65.46	23
37.86	455
68.73	14
63.69	89
38.74	419
40.61	346
41.00	373
22.84	12
59.43	172
45.39	272
56.16	194
33.67	425
61.19	151
23.64	32
55.52	115
16.87	1
43.01	362
67.20	23
78.00	1
67.21	26
62.47	155
42.00	419
38.19	468
52.01	205
28.93	222
38.37	431
57.85	147
38.89	716
29.22	209
14.61	1
16.39	2
61.01	139
52.93	200
53.97	231
58.12	153
31.96	346
40.22	399
60.96	166
52.45	222
48.54	322
64.43	63
61.55	50
34.32	398
32.03	342
60.77	132
64.95	45
63.27	119
28.90	241
35.64	402
58.21	165
61.10	123
37.58	437
23.17	24
41.33	397
64.24	77
41.46	497
12.35	1
49.24	288
68.29	14
21.60	3
43.30	359
62.71	89
19.78	1
68.63	16
36.46	404
25.86	106
44.60	298
49.51	305
67.35	19
13.76	1
60.92	122
62.13	97
30.89	352
37.78	463
76.92	1
30.04	342
69.10	5
16.67	9
22.81	14
15.87	2
25.31	63
63.95	65
52.61	253
22.22	54
20.22	2
51.97	280
27.21	122
21.77	10
64.84	66
30.73	299
50.25	226
63.97	77
32.85	384
48.36	277
15.12	1
36.67	614
49.44	292
55.58	271
25.50	82
45.73	341
33.60	428
32.02	419
69.80	4
54.20	213
45.02	349
69.09	11
62.48	40
52.73	226
23.32	23
43.15	357
48.84	379
70.33	6
44.28	237
64.59	48
51.05	298
22.30	9
68.69	9
30.43	509
58.80	154
52.12	248
53.36	226
55.35	190
65.86	23
48.92	335
71.21	5
35.52	397
56.89	143
43.32	321
39.94	330
20.34	4
56.29	179
27.91	207
22.46	7
66.48	27
37.47	704
30.41	298
44.22	269
59.48	167
50.62	246
62.53	152
59.52	213
22.53	7
51.75	264
66.81	25
21.46	2
23.40	30
70.99	2
69.04	4
33.43	327
41.86	396
70.91	3
31.78	389
28.00	247
18.31	1
26.91	135
18.14	1
27.45	175
75.24	1
51.02	311
62.63	106
28.36	192
48.98	352
59.21	177
43.49	309
68.81	11
44.19	432
31.68	330
67.64	9
36.47	453
41.23	368
26.85	131
55.62	182
71.98	2
62.83	91
68.58	6
63.04	118
21.31	5
47.61	227
73.25	1
39.63	398
31.70	306
44.32	320
34.77	477
66.98	22
65.50	45
58.43	163
23.81	56
64.61	45
59.45	169
18.39	1
75.41	2
32.94	376
59.71	152
22.80	12
36.52	479
53.37	211
47.39	286
47.71	285
71.75	1
62.23	92
64.00	102
70.16	4
24.42	47
27.10	164
31.62	338
46.36	343
64.81	61
74.24	1
46.51	354
21.34	2
32.56	429
24.41	46
43.73	294
42.27	390
49.03	295
71.84	1
33.75	297
33.17	364
48.52	230
66.32	42
41.47	297
60.91	136
28.09	198
59.51	160
26.42	161
64.62	59
48.51	352
69.94	4
52.08	302
29.34	211
66.45	29
28.07	212
53.18	202
20.76	2
43.68	336
56.19	198
60.59	152
24.33	28
49.39	330
29.79	318
66.14	26
61.36	144
46.01	274
67.12	22
57.11	314
37.21	410
47.88	331
42.61	338
72.52	1
16.82	2
19.00	1
51.31	192
67.42	24
48.25	340
26.10	111
52.71	273
46.65	388
12.68	1
47.93	347
21.40	10
52.34	226
44.72	374
56.34	154
54.17	294
54.03	210
27.17	154
24.84	67
55.39	165
54.22	202
49.31	304
35.20	441
31.84	381
40.00	2511
65.83	40
53.99	194
27.93	181
43.86	398
63.85	66
16.13	1
69.37	6
21.04	2
15.13	1
23.49	20
43.24	457
46.71	285
68.21	8
31.77	282
18.87	1
45.85	327
37.70	561
46.02	305
40.57	386
69.85	5
24.49	61
55.26	259
46.63	323
49.42	288
70.97	5
28.45	178
60.74	143
51.03	279
27.20	156
54.41	227
36.73	579
67.14	27
42.88	83
26.20	134
55.51	231
53.06	228
62.52	44
68.77	7
42.78	280
55.24	195
26.04	124
65.17	44
43.34	219
23.38	21
57.80	162
37.66	342
49.83	155
23.84	23
23.13	23
22.07	3
56.45	206
32.98	362
69.70	11
48.86	294
37.00	445
32.04	306
51.35	282
71.29	5
59.62	241
57.24	172
48.02	320
36.15	373
22.00	12
41.49	369
53.32	233
43.95	323
23.98	35
28.24	241
24.79	57
45.57	297
65.75	43
22.37	14
53.92	219
25.69	92
47.98	343
44.95	329
38.48	567
54.25	169
24.09	25
39.78	456
42.86	1581
61.02	149
55.68	165
50.97	265
73.33	1
43.35	323
72.09	3
35.70	437
23.82	31
58.08	166
22.58	17
42.34	383
26.48	109
40.76	452
56.63	188
53.87	166
54.98	170
36.78	450
68.31	5
38.33	478
61.27	121
64.36	64
70.05	1
63.15	40
41.08	354
63.84	61
39.07	394
29.93	258
19.72	2
70.36	4
70.80	3
19.47	1
12.75	1
30.39	300
50.59	309
66.13	46
56.59	191
38.59	342
65.48	44
62.82	106
43.19	312
53.63	230
19.71	1
66.57	17
37.31	490
46.06	328
53.33	450
33.16	325
20.13	3
23.04	10
43.89	314
69.72	6
54.39	256
62.58	102
61.35	116
34.94	398
36.85	229
30.07	232
35.79	425
21.51	6
20.51	1
24.93	67
65.77	46
39.91	441
68.70	7
39.40	230
32.83	315
69.40	2
25.57	101
44.23	395
22.19	4
64.46	58
43.25	271
51.76	280
66.77	16
46.55	317
42.73	283
29.40	245
18.33	4
19.74	1
41.13	413
56.08	160
42.90	259
66.76	28
43.42	384
48.27	154
20.78	2
69.93	1
50.91	281
70.44	4
65.30	33
33.11	383
60.82	169
51.92	323
37.67	433
43.37	359
61.45	148
48.70	336
53.70	294
31.90	345
47.54	326
48.21	395
53.90	181
75.47	1
71.02	1
47.84	327
43.40	441
43.98	355
54.34	175
46.94	292
67.07	15
66.94	35
30.95	330
65.14	50
28.19	211
38.16	412
48.82	281
65.33	51
44.14	360
52.54	253
60.47	197
45.95	427
30.93	305
30.29	259
48.74	293
36.13	459
74.00	1
73.03	1
65.09	60
52.38	376
27.36	167
62.22	122
57.73	180
36.20	429
42.76	353
48.01	262
69.33	4
70.55	2
51.63	284
46.78	260
69.57	13
56.06	199
63.82	74
57.75	192
26.71	123
72.60	1
33.22	180
50.79	321
55.01	147
39.56	360
71.64	5
52.31	290
27.50	159
26.09	127
45.13	343
61.68	117
42.71	369
70.24	7
65.58	37
57.83	175
36.28	374
19.38	1
33.02	397
64.13	80
47.06	579
55.73	185
40.27	421
53.51	199
20.90	2
69.23	27
20.87	2
56.75	159
25.20	77
40.50	364
31.82	452
56.22	173
52.33	279
25.32	72
69.29	5
68.61	12
46.17	415
46.54	273
26.30	105
44.89	297
23.93	34
71.43	20
25.90	106
51.09	280
36.14	481
55.66	157
53.08	238
19.07	1
52.72	218
58.20	173
23.88	35
55.27	152
58.33	449
25.80	65
65.63	63
71.59	1
66.46	25
38.68	475
21.79	8
50.14	256
20.54	1
52.11	305
40.56	384
61.16	109
56.96	165
70.51	7
58.61	200
25.70	90
27.74	172
70.25	4
32.60	370
36.81	481
40.52	394
58.09	142
63.08	98
35.31	457
72.08	1
67.46	17
67.84	17
14.00	1
71.83	4
29.56	239
62.00	125
69.53	4
22.38	8
26.03	101
34.52	445
45.64	299
42.74	428
66.67	322
34.50	436
64.30	60
57.25	132
61.89	153
22.71	10
49.08	256
28.78	210
37.46	258
72.24	1
20.10	1
38.40	419
51.47	281
29.07	250
50.90	278
33.20	556
28.04	197
41.02	244
61.41	114
67.01	28
65.38	83
23.57	26
32.45	384
49.04	342
52.90	230
14.67	1
25.66	78
47.36	221
36.71	500
70.18	7
64.48	55
35.10	415
45.94	216
20.09	1
42.57	394
27.04	125
33.65	369
41.88	376
54.99	161
44.66	348
52.63	405
31.86	289
42.50	314
32.62	351
67.29	22
56.82	202
41.82	346
68.82	12
63.52	70
18.08	1
18.75	4
21.09	1
24.47	44
32.58	434
28.97	254
54.15	200
25.12	66
38.02	415
66.85	14
56.20	165
53.41	224
63.55	77
61.42	121
37.44	477
39.38	421
51.30	284
43.62	311
25.63	89
43.18	404
49.43	302
65.15	63
27.66	192
23.78	28
23.91	52
55.05	198
29.09	258
67.61	24
54.59	189
32.52	393
40.23	385
35.41	359
40.41	366
27.22	146
30.33	296
66.73	40
68.32	19
37.63	425
23.21	24
62.70	91
55.00	314
32.28	377
45.86	295
22.31	10
36.54	473
26.78	103
54.53	131
34.44	473
62.20	144
32.87	358
14.81	1
21.71	3
44.37	272
44.70	257
30.75	432
30.79	371
28.49	180
38.26	446
20.69	7
31.33	365
58.49	191
64.29	150
62.57	100
35.53	433
60.40	163
65.27	42
22.96	15
25.78	95
38.85	417
62.04	110
55.21	206
29.24	217
41.48	330
46.68	318
50.58	268
50.42	298
46.26	293
25.51	79
48.16	358
58.97	259
69.95	1
49.13	324
66.56	20
26.54	149
70.47	4
57.54	144
63.66	111
56.52	250
64.25	66
59.75	147
40.70	380
42.17	355
53.00	258
17.50	3
55.33	177
32.24	350
23.63	12
64.85	50
33.83	415
20.29	4
42.41	343
71.95	2
53.11	228
44.35	399
49.06	350
30.34	335
58.59	189
38.09	141
23.71	30
31.87	315
22.99	16
30.56	412
23.28	23
55.23	153
54.36	205
64.20	66
80.20	1
61.48	142
22.18	11
47.67	368
73.91	1
34.88	488
30.30	383
29.05	253
36.94	439
56.04	181
30.53	315
35.85	470
53.39	216
56.86	183
56.43	132
50.95	249
62.29	92
38.79	437
44.86	375
76.09	1
19.62	2
39.33	402
30.03	212
24.45	27
75.61	1
31.50	313
29.78	239
26.43	106
24.70	46
45.07	336
59.01	148
56.70	185
37.72	442
70.90	2
56.00	266
22.06	9
21.53	10
66.39	36
30.17	324
67.50	19
60.88	115
42.15	360
45.99	311
35.03	427
40.10	389
58.01	140
55.99	158
34.65	445
43.66	323
34.70	349
67.32	35
21.24	5
25.23	82
59.80	200
54.21	228
19.02	1
27.81	158
47.82	154
20.77	6
56.66	129
34.34	433
57.88	172
49.26	264
50.36	224
44.54	294
27.07	127
32.84	407
38.10	749
64.18	76
22.24	1
48.06	297
49.79	406
67.02	19
53.46	201
49.76	259
20.64	1
35.97	377
54.23	189
49.91	57
61.06	105
72.15	1
80.33	1
58.42	181
19.63	3
22.40	9
38.76	410
77.08	2
70.94	1
39.52	434
21.58	6
48.81	288
53.88	229
33.96	431
43.10	428
23.43	23
36.06	329
49.47	271
54.85	250
51.90	299
38.73	390
53.77	227
38.18	440
47.15	342
37.85	370
20.94	3
44.88	309
70.41	3
22.78	16
62.35	99
18.70	1
19.37	1
29.41	446
56.13	150
47.80	319
43.55	340
28.18	191
23.94	36
76.60	1
49.38	289
63.73	89
57.02	195
51.81	283
61.03	152
63.20	72
63.81	79
29.90	256
36.96	517
73.58	1
59.70	148
21.07	7
32.76	398
29.13	246
48.99	280
71.54	1
32.82	409
35.78	444
43.54	345
45.53	317
35.81	486
29.80	265
19.69	1
45.62	235
50.34	301
66.01	43
70.07	2
78.87	1
22.60	11
53.20	218
47.37	485
62.11	138
57.81	177
38.64	523
60.12	198
29.73	229
47.70	309
57.70	122
32.97	331
34.42	391
34.43	468
62.91	90
37.54	261
16.98	3
39.83	350
60.18	134
45.74	336
54.71	187
61.38	121
29.97	223
50.23	297
21.66	4
22.20	7
19.57	3
41.74	319
55.30	157
32.36	245
29.58	252
48.56	277
63.31	105
35.22	431
58.39	182
62.90	112
20.35	2
52.91	214
40.20	450
27.25	250
72.73	8
69.46	7
64.65	42
22.72	2
50.75	324
63.09	79
40.68	373
64.99	50
42.65	360
34.87	423
23.34	12
57.91	199
54.44	249
35.51	440
51.85	324
48.23	243
63.19	89
43.46	314
72.88	1
47.66	288
25.34	74
61.67	130
41.44	375
40.17	437
78.26	1
71.04	1
59.81	148
65.19	43
41.40	370
52.74	221
49.15	343
67.31	30
30.72	323
65.03	43
43.20	388
65.85	55
56.90	219
23.29	23
71.24	2
30.88	285
29.53	269
25.15	71
62.96	141
25.39	69
25.59	77
44.40	372
46.57	219
52.55	266
58.73	163
42.82	442
35.21	448
65.04	45
44.63	327
33.80	426
64.78	41
49.66	328
41.05	343
77.32	1
45.56	370
64.19	56
27.23	188
72.17	2
40.74	464
69.30	4
61.34	123
26.53	144
31.81	258
42.10	16
55.12	202
70.89	1
37.62	482
49.20	287
42.12	363
59.84	188
47.29	330
52.52	215
21.11	3
30.36	319
31.72	340
49.18	330
56.54	147
41.06	425
60.80	144
72.84	1
52.36	239
28.70	231
43.97	325
51.45	276
45.60	338
55.65	213
63.25	73
60.70	126
51.36	287
36.99	535
27.63	173
63.92	83
27.85	197
28.21	269
20.63	6
68.98	8
46.23	326
59.56	167
38.44	482
54.70	180
24.86	47
65.57	48
68.19	13
45.01	284
24.44	76
43.51	358
25.07	53
49.16	319
71.52	3
68.13	12
53.58	150
39.82	305
26.95	156
53.83	234
47.43	263
62.43	96
27.67	159
53.59	232
32.41	367
41.29	363
50.43	335
22.67	15
37.40	454
55.96	185
39.15	383
62.10	113
49.75	268
45.12	274
59.16	132
34.80	400
38.84	350
72.92	1
20.37	6
42.08	384
73.47	1
58.18	134
44.04	310
43.02	354
19.46	2
68.23	12
32.61	360
54.26	226
39.42	400
48.85	336
57.63	193
65.29	52
50.22	345
51.57	258
39.02	558
38.51	415
58.75	165
46.29	279
42.13	397
45.50	274
33.97	455
41.81	369
55.83	188
53.03	251
63.70	63
50.45	281
58.58	149
70.62	3
64.04	92
57.22	133
66.22	38
57.29	213
29.70	256
36.76	506
57.39	159
61.69	107
23.02	18
30.11	282
68.60	13
67.72	14
59.30	169
57.44	142
33.33	4001
66.75	38
39.64	467
68.20	9
21.19	5
65.74	40
56.37	180
53.89	228
26.18	93
32.06	317
67.59	25
74.19	1
41.38	423
37.24	427
61.59	144
56.07	193
30.13	286
45.97	322
35.12	358
35.24	408
57.37	160
49.89	599
29.95	254
23.76	35
45.00	513
57.99	163
36.27	470
17.89	2
40.89	368
45.93	331
42.97	314
36.34	603
68.99	7
36.01	375
48.26	304
37.95	446
49.22	344
26.87	159
23.87	29
47.75	291
43.47	258
61.92	124
26.27	108
66.35	30
52.89	218
56.91	180
65.53	40
39.23	392
21.98	8
34.31	362
65.84	41
47.07	298
70.43	3
65.32	41
35.17	356
59.25	126
53.74	218
28.83	200
24.11	29
38.53	321
55.28	183
64.16	62
42.18	387
66.38	27
66.19	27
27.64	146
27.11	156
25.08	51
46.39	349
68.41	12
70.84	2
32.72	322
53.07	227
19.40	2
63.28	72
34.02	448
69.11	6
57.92	184
28.34	162
23.59	24
43.17	289
20.57	2
69.34	8
18.13	1
35.71	986
58.23	194
35.75	394
35.58	385
36.79	394
25.30	79
37.02	373
44.36	293
30.85	293
62.24	130
34.29	589
25.87	88
60.44	158
58.71	148
25.35	71
50.54	270
18.80	1
24.60	48
39.77	420
46.11	320
62.33	107
19.87	4
64.32	55
30.62	275
66.52	25
63.96	64
53.12	126
68.45	9
55.78	154
67.49	14
40.05	521
36.17	485
23.48	22
50.47	297
33.79	353
53.69	203
32.57	328
37.81	313
39.74	455
33.06	430
46.08	321
66.78	10
42.24	393
58.11	185
44.87	287
68.78	5
32.27	371
49.84	160
53.93	216
42.51	427
59.74	136
31.80	286
20.65	4
48.39	423
40.72	347
59.82	123
31.28	345
64.51	49
64.03	57
56.73	192
48.49	180
25.77	84
26.82	141
71.36	1
19.59	2
31.64	299
24.48	44
51.68	226
66.53	30
42.19	354
28.31	203
53.68	208
70.77	7
47.99	248
33.72	390
39.58	493
50.57	312
34.14	351
63.38	81
61.72	113
53.78	233
54.43	174
54.45	165
38.32	425
61.54	284
41.92	333
34.96	377
56.51	191
47.27	335
50.00	4743
36.05	467
47.45	369
70.50	2
62.88	85
71.23	6
57.27	146
47.74	255
49.50	306
37.03	296
32.15	266
65.36	35
20.85	2
49.74	250
59.76	175
41.01	373
67.89	14
42.60	329
51.48	191
29.26	235
60.16	157
44.30	385
64.80	48
63.90	67
28.42	179
23.45	24
34.45	385
24.66	51
53.65	210
43.60	330
31.40	432
65.01	30
56.68	167
59.36	126
41.27	377
77.42	1
66.30	24
27.53	167
59.78	138
41.84	370
19.58	1
23.85	21
37.53	652
64.57	62
37.88	490
50.52	335
18.10	1
48.87	315
58.92	153
51.89	245
30.65	379
39.73	403
59.23	157
52.97	228
34.07	416
41.45	355
33.26	763
36.61	419
50.77	302
21.45	9
35.80	439
51.65	262
18.23	1
22.45	9
43.16	345
60.07	64
30.97	306
40.12	435
40.90	344
49.68	334
52.59	238
63.34	64
50.32	311
48.78	329
53.05	257
32.70	395
36.18	476
49.05	227
54.84	229
31.29	330
35.49	253
56.10	222
42.81	191
52.03	248
26.33	112
72.37	1
58.47	189
25.22	52
37.96	431
41.62	326
51.51	151
46.87	164
54.29	290
24.57	54
43.22	346
42.21	366
21.03	2
45.18	319
36.95	357
55.41	223
61.79	124
29.27	250
45.23	280
47.42	311
29.75	261
57.01	153
29.16	189
64.38	73
18.64	2
37.99	372
70.19	3
42.45	346
67.97	16
53.86	180
30.67	344
33.14	411
19.65	1
46.25	328
48.67	326
31.92	271
18.34	1
55.34	180
32.74	380
46.60	348
55.69	198
29.67	271
44.51	385
64.79	58
67.43	21
67.26	19
26.75	111
48.10	357
63.76	70
63.74	83
68.44	7
52.51	245
22.64	15
24.02	43
24.25	26
41.25	387
56.49	193
43.58	384
57.23	218
51.00	254
32.69	381
16.95	1
24.29	54
50.66	315
56.65	174
20.48	1
60.63	157
49.40	325
27.56	202
25.10	72
41.28	410
44.69	368
66.21	27
70.22	6
57.19	110
69.49	10
53.53	177
43.71	346
49.54	195
59.11	115
26.69	108
47.57	292
45.66	326
36.57	454
32.31	374
72.03	1
47.76	365
21.72	2
30.80	305
15.69	1
39.75	362
67.39	28
36.41	380
66.74	57
58.81	184
24.56	58
73.37	1
64.67	44
59.32	153
17.61	1
25.38	84
29.38	279
29.25	281
48.22	253
19.66	1
43.11	300
44.81	358
25.91	79
56.39	203
51.69	314
42.54	376
61.47	117
28.99	276
58.27	146
26.62	127
57.40	185
67.25	18
66.50	15
62.07	129
32.79	393
64.06	77
37.76	537
39.27	380
43.70	347
55.87	173
55.84	178
23.70	27
40.79	395
18.78	2
36.30	375
29.57	279
44.49	414
58.24	164
62.95	103
56.84	169
26.32	182
56.50	199
33.55	376
66.40	21
40.83	325
20.49	1
48.32	252
44.00	424
48.91	327
65.87	32
31.58	535
39.68	434
28.87	234
27.41	154
34.54	333
67.00	13
39.84	464
21.27	5
23.61	34
68.92	6
72.16	1
29.23	254
59.04	154
26.77	148
34.27	434
58.53	159
39.22	488
21.88	11
54.72	277
29.96	273
30.31	207
42.55	413
46.13	248
66.02	42
54.40	188
20.53	2
76.40	1
51.70	297
40.11	318
31.34	370
70.63	3
41.85	341
49.88	458
27.62	165
27.27	471
43.63	316
60.04	260
33.05	356
22.51	13
23.58	32
63.99	77
57.84	179
71.16	1
29.02	238
17.95	1
23.22	8
43.41	364
51.98	271
29.71	262
63.53	83
27.94	180
66.51	20
45.84	213
54.37	199
22.93	15
48.11	283
41.70	333
60.89	132
47.18	314
39.59	355
63.07	86
21.93	8
68.72	8
42.01	364
54.94	156
25.65	84
34.38	622
52.57	211
52.67	227
17.07	1
24.37	39
37.19	359
52.16	325
29.54	171
26.55	90
31.16	353
20.81	2
36.63	455
16.94	1
45.96	309
35.62	442
19.13	1
42.37	395
19.55	1
33.46	415
56.97	198
35.55	365
17.69	1
31.22	303
17.14	1
67.52	19
37.55	504
23.26	34
37.38	440
37.27	405
61.84	136
44.16	387
29.18	267
17.84	2
53.43	162
52.65	227
27.12	162
41.96	394
53.27	251
21.92	4
45.04	264
43.82	367
71.12	1
66.33	25
32.67	370
35.32	438
19.15	1
48.94	395
57.42	207
46.48	309
36.35	142
25.71	122
40.18	359
61.49	145
52.48	264
59.54	156
37.12	410
55.20	167
32.89	471
42.79	375
40.14	336
31.11	320
50.88	321
60.39	148
68.22	12
44.31	326
57.58	235
53.60	185
26.01	76
38.77	322
63.98	77
30.35	268
68.90	13
51.77	242
57.79	181
56.28	183
35.06	479
27.32	98
57.34	206
28.84	193
29.59	283
70.23	7
48.12	259
40.91	547
54.28	134
51.52	389
69.31	9
83.02	1
26.51	131
62.12	129
55.11	186
45.09	314
63.80	53
53.82	159
28.82	214
44.48	225
27.58	103
19.39	3
65.69	39
66.87	25
37.15	361
68.26	7
57.10	112
35.16	460
36.29	549
41.19	438
40.60	385
58.77	161
67.86	28
70.54	3
65.62	21
50.31	378
44.47	544
70.11	4
67.96	8
63.57	86
34.82	386
51.04	262
45.31	359
47.41	312
34.28	255
49.41	330
29.62	226
60.66	178
35.05	402
63.93	89
33.66	433
30.09	263
42.28	350
68.34	5
31.93	331
36.97	451
71.69	1
34.67	431
44.65	330
19.23	4
22.75	9
31.02	295
30.68	296
24.51	48
61.21	135
54.07	191
16.84	1
43.59	261
47.13	298
66.79	13
57.35	176
43.69	338
49.62	268
61.17	160
18.06	2
28.02	184
59.87	147
38.04	458
56.14	191
20.20	1
52.60	236
23.68	34
63.78	64
52.76	263
28.60	305
67.38	19
49.87	356
42.67	312
57.68	192
55.70	195
46.37	304
65.59	33
69.18	6
26.00	138
71.38	1
67.47	19
47.78	294
28.13	269
28.96	235
44.08	338
27.55	137
50.74	270
20.42	4
53.71	226
34.99	389
21.39	1
60.81	124
55.71	212
61.78	107
18.83	2
68.43	10
72.44	2
58.41	142
65.18	47
53.91	246
41.55	355
70.12	7
34.11	407
61.80	128
44.97	310
46.92	275
21.59	7
44.78	340
24.68	65
39.85	336
43.88	361
27.09	126
69.43	6
63.21	105
44.09	426
39.06	446
70.75	1
48.83	254
23.62	30
53.26	183
25.89	87
62.54	52
61.18	133
62.25	83
37.82	469
64.75	62
27.30	129
55.89	154
48.42	278
61.39	152
26.31	21
58.60	206
26.12	102
22.39	5
65.64	43
55.82	127
57.31	211
23.75	25
31.44	349
27.26	13
80.00	1
38.34	373
44.25	293
58.35	203
27.57	142
20.70	3
29.83	196
44.96	321
51.54	305
62.34	84
47.38	333
70.56	4
27.75	159
52.49	246
31.60	314
68.59	7
39.37	367
30.61	291
29.08	213
61.75	107
60.84	131
38.96	426
67.99	15
57.28	177
45.10	331
48.50	321
38.70	343
33.49	375
69.44	9
62.19	83
21.76	4
53.42	249
70.78	3
27.99	174
69.26	5
64.76	44
19.92	1
38.62	390
33.62	396
30.54	332
33.07	364
62.93	101
37.79	369
21.15	16
29.20	251
21.83	9
59.13	173
58.50	161
43.53	334
47.35	318
48.04	262
49.23	309
66.80	31
68.71	9
53.29	213
53.13	381
21.80	5
24.89	56
35.27	411
53.28	285
23.72	27
22.82	10
42.77	408
51.41	252
79.45	1
63.05	72
20.38	1
48.20	288
48.79	328
22.63	12
26.79	158
23.66	26
35.34	495
50.21	402
64.91	53
45.83	430
20.45	6
23.44	25
39.50	375
24.87	36
43.90	388
48.80	332
70.02	3
39.86	401
17.46	3
45.77	311
23.86	31
32.95	489
46.74	285
37.75	368
45.69	320
32.77	388
21.17	6
68.38	13
26.26	123
18.91	1
47.26	329
68.46	10
53.55	221
19.86	1
65.23	60
59.96	273
28.17	219
70.82	1
22.85	8
20.71	5
18.95	1
20.95	3
17.35	1
59.89	109
60.33	127
42.42	501
29.63	291
49.61	330
43.78	349
48.05	299
24.46	41
40.34	443
42.35	371
47.51	306
61.32	129
60.62	114
45.11	348
30.19	280
15.53	1
41.98	457
32.54	343
57.65	197
57.14	827
73.75	1
63.46	86
20.89	5
46.81	346
29.31	281
25.93	153
43.52	290
63.11	97
39.01	396
19.34	1
22.43	12
41.36	370
34.91	446
42.62	391
57.69	214
63.91	82
31.65	402
46.77	342
26.98	171
56.47	187
39.96	601
43.64	386
70.59	9
68.03	9
52.04	222
70.08	5
58.55	185
33.23	246
27.71	173
59.07	159
31.12	348
24.85	66
57.30	169
25.84	110
58.48	165
15.00	1
59.65	202
22.12	9
55.29	175
30.64	232
37.22	387
35.61	368
36.26	427
55.63	198
20.79	5
42.52	338
12.22	1
29.85	259
27.35	156
68.84	13
26.21	114
67.57	26
34.71	372
47.96	325
40.33	366
70.74	2
49.46	310
25.95	108
58.51	169
54.76	229
26.41	93
67.75	11
30.70	307
17.33	1
24.06	37
38.69	403
70.14	6
58.22	184
24.01	27
33.90	431
32.80	332
68.64	14
31.53	331
19.73	1
51.91	241
27.88	201
64.63	48
60.15	132
65.51	31
47.22	400
30.46	242
48.75	305
59.09	237
54.79	245
51.29	228
20.91	6
17.36	1
41.61	398
31.67	373
47.69	320
60.38	150
58.65	186
32.86	350
53.02	235
69.64	7
24.40	46
69.58	5
76.80	1
38.81	505
38.91	331
45.82	337
42.20	330
40.49	392
52.88	291
64.73	51
27.92	178
31.17	285
54.14	196
65.80	34
60.93	144
41.20	365
51.99	224
35.04	430
26.86	108
24.30	38
32.14	490
24.75	47
66.29	28
53.24	233
18.09	1
56.36	225
59.77	177
40.84	291
49.65	236
70.72	1
40.39	295
54.56	114
64.71	108
61.97	125
32.53	367
69.08	8
65.47	51
64.23	60
62.89	107
46.10	313
69.79	3
64.47	53
67.06	22
70.31	5
24.72	53
54.50	152
34.26	395
39.09	481
58.70	223
37.41	371
63.75	73
38.42	386
47.50	296
71.13	2
67.90	11
57.61	162
20.97	3
29.69	259
35.00	622
39.43	409
23.80	24
70.52	2
71.05	4
67.05	26
66.36	27
36.58	281
62.08	141
34.20	385
33.70	389
27.44	154
36.59	611
58.64	149
49.73	201
46.50	290
30.94	340
61.28	122
21.48	4
69.16	8
66.90	31
36.39	383
59.61	124
31.52	375
67.30	20
23.73	40
36.98	385
48.65	308
57.90	9
41.07	364
61.22	151
59.41	168
44.75	259
28.05	182
38.29	376
30.16	270
34.10	427
65.31	47
59.27	187
25.56	98
20.39	2
40.63	580
18.68	1
52.02	260
47.83	468
29.03	285
35.95	344
63.67	72
55.02	186
44.84	350
36.70	405
35.26	399
35.68	377
39.17	356
36.82	422
28.54	408
21.00	4
64.42	52
67.36	23
55.74	203
35.57	461
28.08	165
40.85	417
46.04	280
45.30	289
59.02	184
45.70	348
27.59	234
66.54	31
48.53	350
48.96	306
49.19	311
28.91	193
41.89	365
67.70	17
32.25	272
48.09	336
72.10	1
67.76	13
46.47	240
51.82	306
39.16	388
72.50	2
27.43	170
64.15	100
18.32	2
64.69	74
62.92	92
51.71	204
58.98	119
65.82	34
55.79	207
62.79	95
54.49	240
30.60	322
40.31	389
56.53	148
40.36	342
74.34	1
28.28	163
52.43	257
57.74	148
26.22	94
55.76	167
32.10	324
25.68	101
77.59	1
54.51	189
59.19	125
65.11	35
64.88	44
31.54	325
21.56	5
43.56	388
28.06	172
15.22	1
69.68	1
63.43	80
64.89	50
22.74	6
43.99	246
44.01	294
63.60	78
26.65	151
40.78	382
28.32	161
55.90	170
55.47	194
59.00	164
50.78	280
33.64	381
35.82	438
41.64	248
54.89	195
37.29	349
53.10	208
55.18	130
27.70	171
31.24	202
50.10	627
28.26	192
19.68	1
68.91	9
21.78	4
24.16	42
70.38	1
65.67	60
33.47	492
23.55	24
28.79	261
19.52	2
40.65	392
24.55	42
42.38	345
77.94	1
56.26	110
48.33	400
53.73	241
21.73	3
25.37	79
37.08	458
69.54	5
45.49	287
67.09	20
46.21	270
45.61	375
26.40	112
24.15	41
47.81	284
56.74	155
23.33	31
34.89	351
32.64	400
51.93	233
34.01	405
28.64	243
23.89	34
35.42	483
56.95	187
63.26	63
67.71	17
59.17	170
51.61	378
21.16	3
33.95	330
37.01	467
66.27	40
21.23	3
56.83	144
38.49	319
60.99	130
58.07	105
29.89	358
25.81	141
69.81	7
54.64	217
53.30	200
36.65	457
56.41	138
18.00	4
63.89	71
69.15	7
23.01	17
66.03	30
63.03	76
52.81	221
55.56	670
62.76	104
63.33	143
41.26	322
31.20	328
34.98	412
44.74	393
33.01	387
68.56	6
51.25	252
34.95	420
30.37	289
65.78	35
74.51	1
67.93	7
54.30	204
63.29	102
31.07	352
48.29	259
37.26	316
50.60	328
27.82	179
59.95	197
53.61	239
26.44	104
40.09	420
25.58	81
45.22	330
50.15	196
67.82	26
41.79	390
35.09	429
50.73	219
70.66	3
43.87	327
22.29	7
65.20	36
29.42	127
43.31	317
38.24	628
65.88	48
32.71	400
34.53	383
39.60	419
28.88	235
56.27	158
14.94	1
21.69	3
70.39	4
57.52	183
60.76	139
32.21	379
25.61	78
24.19	35
51.22	268
64.07	71
49.17	284
48.31	386
39.80	410
26.68	128
31.69	335
57.46	186
68.67	12
61.26	143
60.06	131
71.46	1
55.91	220
50.64	263
46.89	296
47.65	317
46.59	319
25.98	101
22.98	16
42.03	383
81.67	1
62.66	105
54.63	225
36.68	383
69.51	6
31.91	438
52.70	231
53.49	248
32.78	366
38.75	372
49.37	252
39.04	415
50.51	328
64.02	81
50.96	309
45.80	308
48.95	322
51.16	371
36.56	393
40.64	353
45.27	321
50.26	231
18.97	3
58.04	199
68.04	12
58.38	149
45.81	323
66.11	31
58.57	198
30.24	224
27.01	139
59.24	212
45.68	324
33.84	328
45.06	287
46.32	324
17.19	1
41.43	377
50.55	233
21.94	4
77.22	1
23.67	21
24.92	54
33.40	750
55.17	257
30.98	300
64.87	32
21.90	8
46.84	370
29.10	247
33.86	398
54.97	172
70.35	2
19.05	5
41.87	393
47.63	284
76.58	1
39.11	405
39.13	581
62.06	94
71.93	3
65.55	38
71.03	2
59.35	161
50.61	290
19.81	1
30.50	280
51.17	224
48.66	277
44.52	277
65.99	32
45.59	348
42.06	350
19.93	2
34.15	547
67.98	22
46.99	347
