380	3386
495	5140
349	2613
434	4337
482	5153
301	1797
445	4609
240	1131
163	677
354	2754
372	3188
63	632
70	532
318	2016
342	2507
408	4048
505	4715
117	508
238	1125
57	563
167	722
211	900
308	1887
207	895
526	3435
97	505
174	670
306	1792
405	3839
47	415
332	2257
269	1290
447	4604
187	753
300	1784
50	509
474	4978
141	546
395	3762
409	4104
280	1404
267	1343
468	4936
54	548
274	1460
58	596
457	4669
59	610
392	3655
248	1197
165	672
520	3813
230	1132
181	767
178	719
534	2685
487	5164
293	1595
412	4023
452	4813
501	4821
496	5067
212	953
139	524
444	4663
110	505
83	525
96	505
114	516
223	1043
195	787
320	2077
259	1223
437	4498
76	563
364	2936
509	4635
268	1288
201	871
321	2070
309	1856
459	4825
514	4265
106	472
164	649
75	538
257	1237
341	2390
436	4590
483	5181
123	528
346	2552
397	3836
448	4683
442	4555
282	1478
130	558
388	3595
345	2543
366	3012
138	579
381	3425
147	551
493	5001
449	4557
56	546
113	477
455	4656
118	483
335	2347
441	4520
82	513
197	804
151	627
310	1906
311	1951
228	1042
524	3465
379	3299
305	1791
78	520
222	979
158	625
498	4903
95	510
162	631
357	2906
382	3424
279	1493
273	1396
133	538
410	4042
432	4403
216	984
446	4576
411	4172
89	507
61	619
484	5168
205	993
277	1337
538	2480
226	1051
315	2044
333	2342
297	1723
74	560
64	581
283	1450
454	4683
256	1195
312	1982
418	4127
206	910
319	2056
499	4885
348	2670
422	4346
367	3014
91	567
469	4884
250	1165
258	1201
450	4665
140	581
198	885
52	494
294	1636
208	944
179	741
92	525
281	1457
263	1232
265	1285
465	4915
225	1047
371	3125
378	3293
314	1997
519	3974
51	465
435	4465
288	1559
85	529
210	923
460	4777
189	769
157	618
377	3375
485	5040
339	2369
476	4964
461	4809
480	5072
132	510
109	513
503	4758
135	552
513	4361
260	1244
344	2486
426	4395
119	484
235	1089
275	1388
245	1190
407	4053
233	1063
66	580
262	1273
241	1120
451	4699
120	569
303	1835
369	3095
481	5024
261	1229
317	2020
533	2771
353	2755
190	812
337	2438
443	4578
221	1023
65	603
525	3414
307	1822
231	1106
100	519
182	738
237	1125
386	3503
352	2721
417	4141
284	1590
336	2411
488	5003
234	1037
159	628
73	516
69	556
44	337
148	655
424	4313
537	2456
396	3741
249	1152
161	600
77	527
528	3246
266	1262
479	5071
502	4885
186	807
126	570
177	736
358	2787
45	358
99	478
536	2643
287	1574
289	1638
508	4613
199	877
105	482
466	4841
478	5018
270	1298
331	2266
532	2771
107	541
325	2129
398	3815
71	593
143	563
374	3383
68	543
512	4536
203	841
330	2261
327	2188
155	618
185	779
299	1818
42	310
40	256
142	579
402	3808
347	2657
254	1223
328	2187
535	2643
154	609
108	515
79	522
244	1115
471	4944
242	1141
464	4786
218	969
121	534
462	4795
343	2565
373	3208
134	559
196	873
403	3979
430	4340
438	4568
365	3116
146	553
170	677
523	3564
517	4056
60	610
251	1189
127	550
156	640
473	4946
191	887
49	482
136	575
272	1380
385	3463
504	4835
383	3419
224	1040
247	1146
313	2000
111	543
361	2904
516	4198
72	575
296	1671
428	4399
427	4288
285	1521
149	599
239	1082
304	1803
439	4528
81	555
202	836
129	558
389	3637
86	471
394	3841
404	3919
55	530
173	722
243	1142
255	1176
393	3643
295	1642
416	4161
290	1652
527	3350
46	358
214	982
401	3926
363	2961
421	4262
209	947
264	1296
171	709
425	4319
515	4184
84	493
458	4861
124	552
292	1627
128	515
217	1000
370	3044
518	4026
413	4086
492	5106
334	2435
122	568
323	2126
112	499
359	2819
391	3524
87	520
184	742
229	1073
213	965
351	2723
456	4810
41	293
276	1417
406	4009
399	3772
67	567
291	1602
507	4621
176	748
62	597
387	3576
475	4909
324	2104
90	475
101	481
98	510
510	4597
220	995
80	514
137	546
322	2115
463	4843
188	789
43	327
298	1797
467	4883
521	3854
153	604
490	5109
470	4886
236	1084
316	1999
200	875
48	416
302	1734
204	872
489	5188
194	813
116	513
368	3182
419	4200
433	4360
175	700
93	518
355	2788
356	2776
125	527
376	3237
529	3065
215	1038
384	3447
375	3243
252	1175
423	4262
429	4313
193	836
172	691
440	4578
271	1389
362	2938
477	4967
160	659
219	1009
145	617
88	513
115	516
329	2282
192	824
400	3903
104	493
497	4983
169	634
360	2977
340	2462
94	521
494	4990
420	4238
246	1169
500	5001
53	557
472	5001
180	745
152	591
414	4058
415	4173
166	671
150	577
144	593
530	2980
103	473
326	2241
350	2772
278	1491
131	513
431	4373
102	454
286	1514
183	753
227	1070
491	5079
453	4759
522	3643
486	5122
168	667
390	3727
506	4819
338	2513
531	2920
511	4505
253	1253
232	1116
